115,5
115,4
115,3
115,2
115,1
115,0
107,3
107,2
107,1
107,0
29,8
29,7
29,6
29,5
29,4
29,3
29,2
29,1
29,0
26,66
26,65
26,64
26,46
26,45
26,44
26,43
26,42
26,41
26,40
26,39
26,38
26,37
26,36
26,35
26,34
26,33
26,32
26,31
26,30
26,29
26,28
26,27
26,26
26,25
26,24
26,23
26,22
26,21
26,20
26,19
26,18
26,17
26,16
26,15
26,14
26,13
26,12
26,11
26,10
26,9
26,8
26,7
26,6
26,5
26,4
26,3
26,2
26,1
26,0
153,3
152,3
25,4
25,3
25,2
25,1
25,0
4,3
4,2
4,1
132,6
4,0
3,6
3,5
3,4
3,3
3,2
3,1
3,0
2,3
2,2
2,1
2,0
1,3
1,2
1,1
1,0
132,3
0,791
0,790
0,789
0,788
0,787
0,786
0,785
0,784
0,783
0,782
0,781
0,780
0,779
0,778
0,777
0,776
0,775
0,774
0,773
0,772
0,771
0,770
0,769
0,768
0,408
0,322
0,243
0,0
0,9
0,1
0,310
0,305
0,308
0,304
0,303
0,302
0,307
0,12
0,10
0,8
0,383
0,300
0,393
0,299
0,705
0,298
0,318
0,297
0,384
0,296
0,420
0,295
0,390
0,294
0,313
0,293
0,419
0,292
0,407
0,291
0,412
0,290
0,329
0,289
0,442
0,288
0,418
0,287
0,411
0,286
0,364
0,285
0,760
0,284
0,417
0,283
117,0
117,1
117,3
117,4
127,1
127,2
127,4
132,1
132,2
132,5
132,7
132,9
132,11
132,12
132,14
132,15
132,17
132,18
132,20
132,22
132,23
132,25
132,26
132,28
132,30
132,31
132,33
132,34
132,36
132,37
132,202
132,204
132,205
132,207
132,208
132,210
132,212
132,213
132,215
132,216
132,218
132,219
132,221
132,223
132,224
132,226
132,227
132,229
132,231
132,232
132,234
132,235
132,237
132,239
132,240
132,242
132,243
132,245
132,246
132,248
132,250
132,251
132,253
132,254
151,1
151,3
151,4
151,6
152,0
152,2
152,4
153,0
153,2
153,4
153,6
153,7
153,8
153,5
153,1
152,5
152,1
151,5
151,2
151,0
132,252
132,249
132,247
132,244
132,241
132,238
132,236
132,233
132,230
132,228
132,225
132,222
132,220
132,217
132,214
132,211
132,209
132,206
132,203
132,201
132,35
132,32
132,29
132,27
132,24
132,21
132,19
132,16
132,13
132,10
132,8
132,4
132,0
127,3
127,0
117,2
0,327
0,282
0,379
0,281
0,367
0,280
0,375
0,279
0,436
0,278
0,434
0,277
0,324
0,276
0,410
0,275
0,312
0,274
0,323
0,273
0,439
0,272
0,759
0,271
0,357
0,270
0,406
0,269
0,756
0,268
0,422
0,267
0,423
0,266
0,428
0,265
0,264
0,432
0,263
0,438
0,262
0,320
0,261
0,405
0,260
0,763
0,259
0,325
0,258
0,360
0,257
0,404
0,256
0,704
0,255
0,416
0,254
0,309
0,253
0,311
0,252
0,374
0,251
0,403
0,250
0,373
0,249
0,248
0,247
0,382
0,246
0,245
0,392
0,244
0,371
0,242
0,241
0,370
0,240
0,435
0,239
0,238
0,402
0,237
0,389
0,236
0,314
0,235
0,399
0,234
0,386
0,233
0,306
0,232
0,231
0,358
0,230
0,414
0,229
0,317
0,228
0,227
0,226
0,354
0,225
0,224
0,397
0,223
0,396
0,222
0,221
0,220
0,446
0,219
0,395
0,218
0,217
0,216
0,369
0,215
0,385
0,214
0,426
0,213
0,394
0,212
0,301
0,211
0,321
0,210
0,433
0,209
0,362
0,208
0,365
0,207
0,316
0,206
0,363
0,205
0,758
0,204
0,377
0,203
0,359
0,202
0,445
0,201
0,401
0,200
0,441
0,199
0,328
0,198
0,315
0,197
0,440
0,196
0,195
0,430
0,194
0,381
0,193
0,192
0,63
0,444
0,62
0,400
0,61
0,361
0,60
0,368
0,59
0,326
0,58
0,425
0,57
0,767
0,56
0,424
0,55
0,427
0,54
0,431
0,53
0,429
0,52
0,766
0,51
0,413
0,50
0,706
0,49
0,443
0,48
0,47
0,447
0,46
0,388
0,45
0,380
0,6
0,5
0,11
0,4
0,2
0,3
0,7
